# e, relative diff ----------------------
1 0.00000000000000000000000e+00
2 0.00000000000000000000000e+00
3 0.00000000000000000000000e+00
4 0.00000000000000000000000e+00
5 0.00000000000000000000000e+00
6 0.00000000000000000000000e+00
7 0.00000000000000000000000e+00
8 0.00000000000000000000000e+00
9 0.00000000000000000000000e+00
10 0.00000000000000000000000e+00
11 0.00000000000000000000000e+00
12 0.00000000000000000000000e+00
13 0.00000000000000000000000e+00
14 0.00000000000000000000000e+00
15 0.00000000000000000000000e+00
16 0.00000000000000000000000e+00
17 0.00000000000000000000000e+00
18 0.00000000000000000000000e+00
19 0.00000000000000000000000e+00
20 0.00000000000000000000000e+00
21 0.00000000000000000000000e+00
22 0.00000000000000000000000e+00
23 0.00000000000000000000000e+00
24 0.00000000000000000000000e+00
25 0.00000000000000000000000e+00
26 0.00000000000000000000000e+00
27 0.00000000000000000000000e+00
28 0.00000000000000000000000e+00
29 0.00000000000000000000000e+00
30 0.00000000000000000000000e+00
31 0.00000000000000000000000e+00
32 0.00000000000000000000000e+00
33 0.00000000000000000000000e+00
34 0.00000000000000000000000e+00
35 0.00000000000000000000000e+00
36 0.00000000000000000000000e+00
37 0.00000000000000000000000e+00
38 0.00000000000000000000000e+00
39 0.00000000000000000000000e+00
40 0.00000000000000000000000e+00
41 0.00000000000000000000000e+00
42 0.00000000000000000000000e+00
43 0.00000000000000000000000e+00
44 0.00000000000000000000000e+00
45 0.00000000000000000000000e+00
46 0.00000000000000000000000e+00
47 0.00000000000000000000000e+00
48 0.00000000000000000000000e+00
49 0.00000000000000000000000e+00
50 0.00000000000000000000000e+00
51 0.00000000000000000000000e+00
52 0.00000000000000000000000e+00
53 0.00000000000000000000000e+00
54 0.00000000000000000000000e+00
55 0.00000000000000000000000e+00
56 0.00000000000000000000000e+00
57 0.00000000000000000000000e+00
58 0.00000000000000000000000e+00
59 0.00000000000000000000000e+00
60 0.00000000000000000000000e+00
61 0.00000000000000000000000e+00
62 0.00000000000000000000000e+00
63 0.00000000000000000000000e+00
64 0.00000000000000000000000e+00
65 0.00000000000000000000000e+00
66 0.00000000000000000000000e+00
67 0.00000000000000000000000e+00
68 0.00000000000000000000000e+00
69 0.00000000000000000000000e+00
70 0.00000000000000000000000e+00
71 0.00000000000000000000000e+00
72 0.00000000000000000000000e+00
73 0.00000000000000000000000e+00
74 0.00000000000000000000000e+00
75 0.00000000000000000000000e+00
76 0.00000000000000000000000e+00
77 0.00000000000000000000000e+00
78 0.00000000000000000000000e+00
79 0.00000000000000000000000e+00
80 0.00000000000000000000000e+00
81 0.00000000000000000000000e+00
82 0.00000000000000000000000e+00
83 0.00000000000000000000000e+00
84 0.00000000000000000000000e+00
85 0.00000000000000000000000e+00
86 0.00000000000000000000000e+00
87 0.00000000000000000000000e+00
88 0.00000000000000000000000e+00
89 0.00000000000000000000000e+00
90 0.00000000000000000000000e+00
91 0.00000000000000000000000e+00
92 0.00000000000000000000000e+00
93 0.00000000000000000000000e+00
94 0.00000000000000000000000e+00
95 0.00000000000000000000000e+00
96 0.00000000000000000000000e+00
97 0.00000000000000000000000e+00
98 0.00000000000000000000000e+00
99 0.00000000000000000000000e+00
100 0.00000000000000000000000e+00
101 0.00000000000000000000000e+00
102 0.00000000000000000000000e+00
103 1.19209275339928228863891e-07
104 2.38418522258157191719141e-07
105 1.19209246918232350987039e-07
106 1.19209218496550025637344e-07
107 1.19209161653226032519422e-07
108 1.19209047966740676609450e-07
109 1.19208820594420472858107e-07
110 1.19208365852382137334498e-07
111 1.19207456378713502740675e-07
112 1.19205637473007373514985e-07
113 1.19201999828110714891037e-07
114 1.19194725204308699124860e-07
115 1.19180178620100905606842e-07
116 1.19151067706760172676926e-07
117 1.19092916889221560069127e-07
118 1.18976672124919792289235e-07
119 1.18744523650999876136741e-07
120 1.18281590854278144447754e-07
121 1.17360932869194312978653e-07
122 1.15541578619169524816850e-07
123 1.11986760477229345889140e-07
124 1.05201775427242818768460e-07
125 1.71323731095068737670376e-07
126 1.19209275339928228863891e-07
127 1.68571865895012091876142e-07
128 1.68524934949375101661762e-07
129 1.76356236776588926285243e-07
130 6.73905762366002257949334e-07
131 1.19889519410073233971576e-06
132 2.21415413612603212889160e-06
133 4.15615771531534543352078e-06
134 0.00000000000000000000000e+00
135 0.00000000000000000000000e+00
136 0.00000000000000000000000e+00
137 0.00000000000000000000000e+00
138 0.00000000000000000000000e+00
139 0.00000000000000000000000e+00
140 0.00000000000000000000000e+00
141 0.00000000000000000000000e+00
142 0.00000000000000000000000e+00
143 0.00000000000000000000000e+00
144 0.00000000000000000000000e+00
145 0.00000000000000000000000e+00
146 0.00000000000000000000000e+00
147 0.00000000000000000000000e+00
148 0.00000000000000000000000e+00
149 0.00000000000000000000000e+00
150 0.00000000000000000000000e+00
151 0.00000000000000000000000e+00
152 0.00000000000000000000000e+00
153 0.00000000000000000000000e+00
154 0.00000000000000000000000e+00
155 0.00000000000000000000000e+00
156 0.00000000000000000000000e+00
157 0.00000000000000000000000e+00
158 0.00000000000000000000000e+00
159 0.00000000000000000000000e+00
160 0.00000000000000000000000e+00
161 0.00000000000000000000000e+00
162 0.00000000000000000000000e+00
163 0.00000000000000000000000e+00
164 0.00000000000000000000000e+00
165 0.00000000000000000000000e+00
166 0.00000000000000000000000e+00
167 0.00000000000000000000000e+00
168 0.00000000000000000000000e+00
169 0.00000000000000000000000e+00
170 0.00000000000000000000000e+00
171 0.00000000000000000000000e+00
172 0.00000000000000000000000e+00
173 0.00000000000000000000000e+00
174 0.00000000000000000000000e+00
175 0.00000000000000000000000e+00
176 0.00000000000000000000000e+00
177 0.00000000000000000000000e+00
178 0.00000000000000000000000e+00
179 0.00000000000000000000000e+00
180 0.00000000000000000000000e+00
181 0.00000000000000000000000e+00
182 0.00000000000000000000000e+00
183 0.00000000000000000000000e+00
184 0.00000000000000000000000e+00
185 0.00000000000000000000000e+00
186 0.00000000000000000000000e+00
187 0.00000000000000000000000e+00
188 0.00000000000000000000000e+00
189 0.00000000000000000000000e+00
190 0.00000000000000000000000e+00
191 0.00000000000000000000000e+00
192 0.00000000000000000000000e+00
193 0.00000000000000000000000e+00
194 0.00000000000000000000000e+00
195 0.00000000000000000000000e+00
196 0.00000000000000000000000e+00
197 0.00000000000000000000000e+00
198 0.00000000000000000000000e+00
199 0.00000000000000000000000e+00
200 0.00000000000000000000000e+00
201 0.00000000000000000000000e+00
202 0.00000000000000000000000e+00
203 0.00000000000000000000000e+00
204 0.00000000000000000000000e+00
205 0.00000000000000000000000e+00
206 0.00000000000000000000000e+00
207 0.00000000000000000000000e+00
208 0.00000000000000000000000e+00
209 0.00000000000000000000000e+00
210 0.00000000000000000000000e+00
211 0.00000000000000000000000e+00
212 0.00000000000000000000000e+00
213 0.00000000000000000000000e+00
214 0.00000000000000000000000e+00
215 0.00000000000000000000000e+00
216 0.00000000000000000000000e+00
217 0.00000000000000000000000e+00
218 0.00000000000000000000000e+00
219 0.00000000000000000000000e+00
220 0.00000000000000000000000e+00
221 0.00000000000000000000000e+00
222 0.00000000000000000000000e+00
223 0.00000000000000000000000e+00
224 0.00000000000000000000000e+00
225 0.00000000000000000000000e+00
226 0.00000000000000000000000e+00
227 0.00000000000000000000000e+00
228 0.00000000000000000000000e+00
229 0.00000000000000000000000e+00
230 0.00000000000000000000000e+00
231 0.00000000000000000000000e+00
232 0.00000000000000000000000e+00
233 0.00000000000000000000000e+00
234 0.00000000000000000000000e+00
235 0.00000000000000000000000e+00
236 0.00000000000000000000000e+00
237 0.00000000000000000000000e+00
238 0.00000000000000000000000e+00
239 0.00000000000000000000000e+00
240 0.00000000000000000000000e+00
241 0.00000000000000000000000e+00
242 0.00000000000000000000000e+00
243 0.00000000000000000000000e+00
244 0.00000000000000000000000e+00
245 0.00000000000000000000000e+00
246 0.00000000000000000000000e+00
247 0.00000000000000000000000e+00
248 0.00000000000000000000000e+00
249 0.00000000000000000000000e+00
250 0.00000000000000000000000e+00
251 0.00000000000000000000000e+00
252 0.00000000000000000000000e+00
253 0.00000000000000000000000e+00
# maxdiff = 82206955733794783880019968.0000000000000000(68 ulp) at arg 7.20832748413085937500000e+01(0x42902aa3) 
