# e, relative diff ----------------------
1 0.00000000000000000000000e+00
2 0.00000000000000000000000e+00
3 0.00000000000000000000000e+00
4 0.00000000000000000000000e+00
5 0.00000000000000000000000e+00
6 0.00000000000000000000000e+00
7 0.00000000000000000000000e+00
8 0.00000000000000000000000e+00
9 0.00000000000000000000000e+00
10 0.00000000000000000000000e+00
11 0.00000000000000000000000e+00
12 0.00000000000000000000000e+00
13 0.00000000000000000000000e+00
14 0.00000000000000000000000e+00
15 0.00000000000000000000000e+00
16 0.00000000000000000000000e+00
17 0.00000000000000000000000e+00
18 0.00000000000000000000000e+00
19 0.00000000000000000000000e+00
20 0.00000000000000000000000e+00
21 0.00000000000000000000000e+00
22 0.00000000000000000000000e+00
23 0.00000000000000000000000e+00
24 0.00000000000000000000000e+00
25 0.00000000000000000000000e+00
26 0.00000000000000000000000e+00
27 0.00000000000000000000000e+00
28 0.00000000000000000000000e+00
29 0.00000000000000000000000e+00
30 0.00000000000000000000000e+00
31 0.00000000000000000000000e+00
32 0.00000000000000000000000e+00
33 0.00000000000000000000000e+00
34 0.00000000000000000000000e+00
35 0.00000000000000000000000e+00
36 0.00000000000000000000000e+00
37 0.00000000000000000000000e+00
38 0.00000000000000000000000e+00
39 0.00000000000000000000000e+00
40 0.00000000000000000000000e+00
41 0.00000000000000000000000e+00
42 0.00000000000000000000000e+00
43 0.00000000000000000000000e+00
44 0.00000000000000000000000e+00
45 0.00000000000000000000000e+00
46 0.00000000000000000000000e+00
47 0.00000000000000000000000e+00
48 0.00000000000000000000000e+00
49 0.00000000000000000000000e+00
50 0.00000000000000000000000e+00
51 0.00000000000000000000000e+00
52 0.00000000000000000000000e+00
53 0.00000000000000000000000e+00
54 0.00000000000000000000000e+00
55 0.00000000000000000000000e+00
56 0.00000000000000000000000e+00
57 0.00000000000000000000000e+00
58 0.00000000000000000000000e+00
59 0.00000000000000000000000e+00
60 0.00000000000000000000000e+00
61 0.00000000000000000000000e+00
62 0.00000000000000000000000e+00
63 0.00000000000000000000000e+00
64 0.00000000000000000000000e+00
65 0.00000000000000000000000e+00
66 0.00000000000000000000000e+00
67 0.00000000000000000000000e+00
68 0.00000000000000000000000e+00
69 0.00000000000000000000000e+00
70 0.00000000000000000000000e+00
71 0.00000000000000000000000e+00
72 0.00000000000000000000000e+00
73 0.00000000000000000000000e+00
74 0.00000000000000000000000e+00
75 0.00000000000000000000000e+00
76 0.00000000000000000000000e+00
77 0.00000000000000000000000e+00
78 0.00000000000000000000000e+00
79 0.00000000000000000000000e+00
80 0.00000000000000000000000e+00
81 0.00000000000000000000000e+00
82 0.00000000000000000000000e+00
83 0.00000000000000000000000e+00
84 0.00000000000000000000000e+00
85 0.00000000000000000000000e+00
86 0.00000000000000000000000e+00
87 0.00000000000000000000000e+00
88 0.00000000000000000000000e+00
89 0.00000000000000000000000e+00
90 0.00000000000000000000000e+00
91 0.00000000000000000000000e+00
92 0.00000000000000000000000e+00
93 0.00000000000000000000000e+00
94 0.00000000000000000000000e+00
95 0.00000000000000000000000e+00
96 0.00000000000000000000000e+00
97 0.00000000000000000000000e+00
98 0.00000000000000000000000e+00
99 0.00000000000000000000000e+00
100 0.00000000000000000000000e+00
101 0.00000000000000000000000e+00
102 0.00000000000000000000000e+00
103 0.00000000000000000000000e+00
104 0.00000000000000000000000e+00
105 0.00000000000000000000000e+00
106 0.00000000000000000000000e+00
107 0.00000000000000000000000e+00
108 0.00000000000000000000000e+00
109 0.00000000000000000000000e+00
110 0.00000000000000000000000e+00
111 0.00000000000000000000000e+00
112 0.00000000000000000000000e+00
113 0.00000000000000000000000e+00
114 0.00000000000000000000000e+00
115 0.00000000000000000000000e+00
116 0.00000000000000000000000e+00
117 0.00000000000000000000000e+00
118 0.00000000000000000000000e+00
119 0.00000000000000000000000e+00
120 0.00000000000000000000000e+00
121 0.00000000000000000000000e+00
122 0.00000000000000000000000e+00
123 0.00000000000000000000000e+00
124 0.00000000000000000000000e+00
125 0.00000000000000000000000e+00
126 0.00000000000000000000000e+00
127 2.33518879651141463231259e-07
128 1.19202141919447719139863e-07
129 1.19206703231336104315165e-07
130 7.94717102168989645318337e-08
131 1.19206703231336104315165e-07
132 9.53657763889977665890322e-08
133 7.94717102168989645318337e-08
134 6.81187495086935166263125e-08
135 1.19206859544160125427065e-07
136 1.05961892924447574563334e-07
137 9.53658764300470797329121e-08
138 8.66963798279371677612767e-08
139 7.94717796902396619560964e-08
140 7.33586425540721105811913e-08
141 6.81188005505361498410097e-08
142 6.35775965519580538476925e-08
143 1.19208124272085396631253e-07
144 1.12195946180950970485827e-07
145 1.05962892218996476744086e-07
146 1.00385943799531685087117e-07
147 9.53666858608016449145854e-08
148 9.08254489274876883768336e-08
149 8.66970487804412823601183e-08
150 8.29276375093646060985371e-08
151 7.94723417971907142709685e-08
152 7.62934680126665412213375e-08
153 7.33591215098481006875013e-08
154 7.06421327481527369459869e-08
155 6.81192135282578227469333e-08
156 6.57702877989407539404611e-08
157 6.35779563018533870759249e-08
158 6.15270648329140325190231e-08
159 1.19208749540748290240639e-07
160 1.15596379059022350932130e-07
161 1.12196500052620156479375e-07
162 1.08990899041948198867414e-07
163 1.05963386259219085595875e-07
164 1.03099522174954526116384e-07
165 1.00386387204349541384769e-07
166 9.78123868432949643194479e-08
167 9.53670860338907979074743e-08
168 9.30410677690668572802787e-08
169 9.08258118964738350021557e-08
170 8.87135908334020872465498e-08
171 8.66973795023466375212593e-08
172 8.47707772751247420617700e-08
173 8.29279400981634627636177e-08
174 8.11635212826173810899623e-08
175 7.94726196956993350017074e-08
176 7.78507342959109482212444e-08
177 7.62937241240297898761205e-08
178 7.47977730010257730383701e-08
179 7.33593582992835842076896e-08
180 7.19752232491487154970614e-08
181 7.06423523225156805859477e-08
182 6.93579493018359473562536e-08
183 6.81194176988688521990107e-08
184 6.69243432346114481900712e-08
185 6.57704781316448675383254e-08
186 6.46557270038652453261787e-08
187 6.35781341572381389213908e-08
188 6.25358721396561160857068e-08
189 6.15272313988720597780163e-08
190 6.05506109253889332137537e-08
191 1.19208905858938913582996e-07
192 1.17374928503996681174688e-07
193 1.15596526046960632078994e-07
194 1.13871210067217035864789e-07
195 1.12196638521391917315639e-07
196 1.10570605136336319919635e-07
197 1.08991029711281675718912e-07
198 1.07455949239528880143505e-07
199 1.05963509769994547069144e-07
200 1.04511958937669386421810e-07
201 1.03099639099713331465906e-07
202 1.01724981020661664657746e-07
203 1.00386498056166043011855e-07
204 9.90827807899493560369402e-08
205 9.78124920833014161267459e-08
206 9.65743625005613378156372e-08
207 9.53671860776878329926879e-08
208 9.41898164042679601979107e-08
209 9.30411629922075233438262e-08
210 9.19201879069249217250195e-08
211 9.08259026391736666341652e-08
212 8.97573651976766861530245e-08
213 8.87136774045997554062173e-08
214 8.76939823775434611547431e-08
215 8.66974621832172304438220e-08
216 8.57233356492921167041557e-08
217 8.47708563221299309015696e-08
218 8.38393105591671193706918e-08
219 8.29280157457082071982736e-08
220 8.20363186267645270520100e-08
221 8.11635937453711437029828e-08
222 8.03092419795360801048779e-08
223 7.94726891706301647308726e-08
224 7.86533848366184385297027e-08
225 7.78508009640731830984552e-08
226 7.70644308733981637735889e-08
227 7.62937881521392736114959e-08
228 7.55384056516626518303339e-08
229 7.47978345428517154410431e-08
230 7.40716434268119927807154e-08
231 7.33594174968813117614175e-08
232 7.26607577485250370283461e-08
233 7.19752802339542099816457e-08
234 7.13026153585405692851600e-08
235 7.06424072163196934363562e-08
236 6.99943129620718317953270e-08
237 6.93580022176527642989276e-08
238 6.87331565104148881934445e-08
239 6.81194687417128371760401e-08
240 6.75166426836299089981044e-08
241 6.69243925021926162275679e-08
242 6.63424423054609006061789e-08
243 6.57705257149930289145413e-08
244 6.52083854592864542511988e-08
245 6.46557729878913369526294e-08
246 6.41124481049802931976618e-08
247 6.35781786212397971332479e-08
248 6.30527400230230821438733e-08
249 6.25359151577740553468003e-08
250 6.20274939347965771204723e-08
251 6.15272730405024850819192e-08
252 6.10350556673276990430832e-08
253 6.05506512555571080833004e-08
# maxdiff = 0.0000076293945312(2 ulp) at arg 6.65131986141204833984375e-01(0x3f2a4617) 
